100
321113   343186
216155   150831
-937554   -146449
-900267   -881069
694594   163808
-51109   -374874
540246   464663
745214   230342
-392839   -368499
210030   601994
-262065   412938
-497104   79627
133779   -118506
-849339   392431
-719934   -201432
-195966   646202
-576341   768107
28558   312273
843054   229040
92767   13243
-404835   -567226
159877   -972128
-270325   -613597
872234   -966479
-891779   -990812
859540   990025
-82207   692915
229337   504329
877251   255625
-833025   -248042
-144196   -151702
-31958   -440211
-686280   -162978
231427   -256963
-84371   -278373
293875   -91571
-251249   -924678
-332396   -156193
-326793   272436
-888388   49900
-475708   415689
363541   -40566
-480175   -111296
67024   -767571
961250   703786
844238   90174
-76929   356846
-617039   -281270
490081   -333928
-532495   863660
-240560   -68083
-715769   191604
555685   870446
184834   240759
-396331   899594
951176   -334603
721577   -976822
274558   -210024
855933   570744
-823345   -709397
64876   -646693
-378336   169297
-480510   938332
693965   -4075
200743   -893298
-779252   -748588
-984820   -409308
-2366   -347407
-127217   363570
-792798   -622756
946187   -868064
337204   990418
-703291   -339423
-30335   561552
-100282   704885
-651798   -70507
312685   -19148
-933139   728822
107376   -926802
-533915   599063
318881   632527
-720013   903823
-718462   542800
37173   -381160
-120736   -648445
-114812   -758063
-154431   -432456
105814   -169663
-93042   850199
417516   63333
883624   -170726
741437   -621094
-827594   294105
-512695   901239
-758697   183246
-221751   32657
-909753   -613696
-753272   509025
-37325   -27512
337855   711025
