1000
-959899   705078
-182003   -463490
392855   -434711
442778   354266
-239146   -203005
894672   -27156
509694   -899351
706098   34588
735516   719627
965770   -578615
-592587   -962631
-895157   -837116
-592837   16130
-775614   -337774
303296   418307
62747   192406
709041   -28516
615611   -260201
-845670   -531496
436137   24759
619556   622572
-37987   -62760
912066   -88221
-449114   912505
354905   106170
-37409   255322
279897   -175584
321049   563508
-211046   -23844
-706866   -736055
-333683   -39561
-884879   910850
-930544   28498
441135   -518811
-286698   271134
-42566   536748
-971170   806962
-139171   789482
289592   892460
109879   -429422
791103   -135465
-256423   -252404
555358   746421
-973526   -551882
-643399   -30886
-416115   -429954
364490   360107
921840   -147553
830753   821890
677588   187638
329848   871561
920779   -216967
-703460   -661021
604349   130122
-57764   826366
707449   -855689
-843228   250094
-220494   -149900
394312   -245225
-533012   -418619
-983172   -575996
274963   -39514
-790021   803887
82733   -838716
672337   -405322
88501   470771
977447   -404212
-702149   997583
279159   500006
-117042   475175
-734169   -441281
-152144   585967
507780   625084
-868989   -485897
61295   -979761
675898   -338542
401743   821100
-470828   97714
-137085   -1614
-663791   -414002
-571301   -355381
795765   888429
3300   -655487
-929715   -854698
-205474   191365
512491   -209862
-306856   637520
275237   -638618
-119412   223452
349004   783509
-88917   -20916
-618240   -576321
-73656   662047
963057   -937253
300964   -21380
-751268   -809179
-125579   -12934
651851   -391541
-922810   -945303
-605632   102835
434394   944797
-93868   969298
-963046   865901
-900092   778949
-672521   -366214
33780   -419531
821696   -860319
733758   50545
619814   -975917
-247544   -436961
430035   -843990
-291155   -513955
415340   786809
-261983   -230349
-13070   -614106
-989200   -481053
968698   -226640
-395648   -55877
-915362   -237803
565708   -254964
-704304   -578267
943304   -851374
821733   718191
-687166   729709
-337338   -165762
-959936   583451
-573967   890553
-771400   402800
836995   686511
-954278   106023
299099   2116
553734   -873018
-962666   88925
470582   -189914
50054   767011
-786376   -624699
-45274   -754006
-183607   744072
285101   -145504
-326351   806708
655530   -531147
-594000   550938
98108   -125561
110595   -434774
788891   27411
329089   753031
158580   812799
608042   -679803
160661   -169730
-578206   950415
933727   -593673
845357   903779
-259483   -112708
119370   -205502
911906   -431645
-942366   -17619
134452   657429
-679420   -975594
-940493   -401302
-380450   115627
183083   339753
591618   887894
336995   -140027
855020   480487
-138532   -167186
-208868   -646183
695420   -710804
448857   -350186
663327   531202
779965   899745
-668859   -486923
-11512   141338
-405999   125409
-973755   -995769
761464   -288605
29587   31729
-962114   -461730
-51338   -852654
295752   546148
-724468   114005
249501   58589
-766912   491984
-18820   598290
611441   795797
-177061   37568
206040   -869688
-423851   -691545
361788   -15965
-40167   -875134
813292   -570219
-760047   -713935
658542   331514
350502   -948470
-172618   -964381
867070   -519439
-323970   -446471
-289148   -269478
591440   -49484
-397029   375997
733625   360452
130932   252166
791492   -326518
970046   -461160
-414371   469797
147059   -664529
-830001   623293
-476798   -744774
-751591   529754
-699528   550396
-929548   142199
-600792   -443273
-606290   214725
-527913   217015
-997795   -733734
-731093   861858
153892   -854522
-836992   489025
587119   960543
7859   215181
-907092   -232174
-343830   322864
319401   -706069
616547   92557
449431   -362614
-607819   510598
522763   484852
-90910   -47310
-658252   -916805
-292937   -96500
-755789   47980
490884   351007
397389   -931512
-826782   -606780
-684449   -205547
274691   102156
-482511   -932872
-327874   -309642
-575004   -657444
-285349   -686591
-989418   51710
-46460   -455801
730940   245685
713417   -84451
373923   -261736
-797733   269220
826767   -654455
-912   611720
-907424   943596
-528943   990425
380908   737981
-593958   462417
-178988   -782029
-700104   -634203
-448144   -254846
778587   -684506
-673457   394335
558796   693565
130422   169656
-746642   -916434
467017   382571
-705049   453097
925175   573565
604483   632252
259658   763542
-803854   265969
-35163   -387231
832282   -792913
767485   549078
537418   -301673
502313   666076
592704   874180
94242   -298222
-816933   994312
-626677   699571
-201703   217169
-47402   152437
566156   -383891
-952805   646792
946741   -688815
718878   -78615
413725   -116851
-616949   49436
357965   867769
590145   -387853
-306794   306484
-402418   789264
98119   -656298
384471   -50100
-818133   160755
-534351   986828
-291568   -852391
-632005   585076
-772928   -678842
-80691   57779
-771163   730618
409006   891820
468196   673779
-727875   -430503
384255   -536516
-423288   659067
-191957   597238
261722   415501
580505   507019
161379   -831624
108359   851600
595536   -901795
-995054   -762347
-872470   -478278
-262539   -390528
489883   -189419
607141   534826
763219   700611
965469   630553
-580267   410342
-646407   78226
-632043   597509
266945   -108720
363514   533470
-676945   872601
-721948   -663449
-763612   718964
-779223   -502599
885898   120339
-704580   729712
-654826   -964099
955813   -408596
113175   245062
609147   -791163
-914707   800561
873067   309729
455788   -318125
531173   -802982
206350   260047
600726   834846
20569   332879
-52026   -985973
156366   -595803
823686   891830
443098   849312
-871748   -994391
669199   -949826
140387   903448
419672   -308171
-319044   -659536
-657135   -622021
262276   767128
981977   731520
-792776   923539
219895   245978
-231798   814008
-825754   -291233
-6637   -851864
-508476   278834
387430   -88570
-457378   745254
540559   716396
-736520   -154260
-364786   -875331
-950538   -866785
-16903   -960057
-404013   919519
-595601   789866
559891   272947
-974311   473543
-175364   -15301
432106   -167883
38068   -738157
878637   251858
-430906   -688791
-618532   227084
686758   -517494
-249926   514546
420873   20413
-314370   301383
852491   92962
-645300   -49922
-659644   -844022
-767920   673363
-57132   -172325
-233973   -468680
-163167   329002
943426   -711974
-447528   605471
122774   127957
-35082   -557039
-826540   832974
745173   257285
342870   762529
941946   -170954
-369293   372862
-951065   -247429
91637   73168
-599118   766846
715020   -462925
-850594   -649001
873761   892592
-644037   -114291
-373687   34809
959996   -269330
317413   410638
-924138   589853
310136   804658
196246   906709
-24411   970921
44033   -262531
-624174   336529
347790   -226672
-974824   311417
-950273   567141
657757   778679
-523430   -478417
223849   -612446
-984584   570386
784639   -955732
61047   -383357
664049   -321801
-751814   940281
-477025   114275
-626140   994467
843590   -781101
-207672   552392
-94048   323291
287289   566207
361699   808425
847194   777172
196157   816807
-137614   202695
-178279   625872
-597703   833781
471292   -382787
-571347   999583
-239282   220625
-800494   744406
147141   -324181
-327317   351637
414637   -796811
392727   681393
79039   -229591
-468614   -76776
-474244   559280
-194307   -221357
-285420   -442618
99536   104716
268444   593688
-208553   -745474
-9707   588937
949162   -280525
460575   882788
17766   243626
-62877   216749
236630   -995468
-559427   -65797
-573897   -588443
-618218   588014
54142   -360111
17107   -247522
622375   964010
359636   576978
-876899   -634775
-901054   146797
-87900   -460333
450690   -391926
722142   970404
-82465   -274825
-190051   -775152
-782897   -131515
739914   -982170
-780627   -665094
89161   949920
-307111   -86603
-203746   -492080
-733098   -901607
-875223   458471
-375807   338202
226790   -512903
-560879   381607
-648979   591780
459019   180269
-244892   785981
388412   737043
-876072   327578
640150   -827295
827696   -220225
410682   722348
76435   -817688
-585961   916602
28951   -59410
630946   830093
-390881   521086
-616925   273078
778168   -893577
-704690   663007
-507744   -967362
13152   276496
-440663   -122010
673010   -653682
-128243   -406627
-490718   470157
305579   95570
-111635   214767
291484   -51743
917078   4069
-490552   608724
732252   573265
825270   -967163
-918339   -980710
-343365   609403
759894   985588
-563736   -328483
274142   580939
-588964   -435116
-792831   -733036
-600264   -675271
-682504   911845
418057   -729620
-553106   -512949
-85246   -214297
-361210   -183947
979740   617692
382859   -504120
-715095   743765
680714   -579348
-746867   333750
819819   187552
-851912   -339949
55094   125822
-927033   213967
219109   -681435
-300720   669824
448121   728634
-540286   832553
674396   945405
939061   330090
-943341   599700
806106   956598
568720   371882
479278   -363744
-553430   249334
596789   -821752
-19005   322524
-157754   364918
-89815   -74836
-867751   225952
-343892   -694454
-706650   -962050
-753543   654287
-735786   90670
87070   353877
-301126   -854287
-951513   751661
842540   -942458
-355025   -180031
40304   -945175
427503   -958627
-520272   410008
-75129   249102
534780   -543046
724388   -108065
129678   -432885
633125   422373
-968933   -656016
887426   -397544
669223   -692712
949945   -769918
-189809   29535
-884771   -166590
-232338   241801
-743489   -496679
-32777   289723
-426207   -975844
-321213   950917
-943159   -550719
-304218   -508774
-548022   346278
182158   89734
516215   780134
824235   -90325
-948671   -724762
-850503   723788
-155366   572348
919952   186927
465284   -837980
-550386   -921157
-415726   907059
-442860   842686
364446   -71291
-343016   -359914
993186   711889
-382113   -918955
502057   -787733
-811494   382574
-458020   361415
111217   -93816
615412   -237044
321453   777804
-270397   -323238
-38097   -370115
-508228   -922214
190302   -286030
927424   921407
-749363   -137112
55271   161647
-925424   -819821
123276   -184830
377841   -265803
809144   -37053
261158   589652
811287   503127
20454   -336717
837196   898406
-808454   432708
-865576   -79093
-106194   629543
741140   -46192
162103   -132403
683870   -583906
-875019   -934691
677809   61872
-2344   -511849
976978   -408945
-873127   -661045
-250924   -977011
-628679   5711
362694   171187
-686843   -102456
920603   710975
-161454   537377
525695   -312641
197614   -656908
116952   -69763
-667114   -773447
-228446   -95958
677389   -91236
-731147   428665
-202212   -411457
914424   844343
-356279   -126758
680933   -674697
-380915   34387
659656   -953867
41498   904970
845209   625061
44866   -441134
-487442   875415
523385   -721657
-73212   23796
-777379   -639942
-375902   62857
-563452   632852
704332   -491950
670989   -143890
134229   -188723
-618455   410560
934709   -671705
720886   544968
-905807   109319
-633791   -662109
-575873   763561
162107   286764
-33033   691124
631096   -605903
-108882   -174977
-448831   -955827
567611   425269
47492   -123300
-302970   658777
-335217   79591
870336   -31298
-908256   -235867
704798   -13994
-636147   -723848
-416762   -679309
-584737   49894
-932838   -118382
-935700   -993000
-991933   -857825
-757061   -639445
-926879   595110
-901069   -802701
-51704   819975
-610178   47908
675812   -253700
534701   -837430
442005   -608785
-290593   -311363
49530   179386
795135   -234109
-439770   -475301
-621972   243919
-84095   781928
834731   -374960
-770002   -986266
-875445   581220
514616   -956353
-652533   278789
-17240   -880812
871922   627547
-967438   -923588
-111677   833548
-283919   -914935
-363616   -349173
-59139   115606
984681   131771
-795474   295807
-490384   339921
610139   104328
138095   -564980
751673   628038
-217730   -245961
153113   103961
-167342   362407
139477   -30225
380268   667143
873798   90471
604789   693036
193178   406138
-340217   -944576
292870   -5900
-749929   -253001
58798   -857094
-795215   187826
-635247   750081
-773941   285263
-194654   348799
978038   -227381
598897   903224
-853502   -71386
16091   -650524
659501   -519846
775599   -626321
-123845   956424
870153   -733088
984680   -659424
911957   -827095
767026   -932246
-858308   553560
-570535   442900
-749605   -145826
-168313   758861
-695309   -118236
-800830   42489
604661   -593072
-875210   974424
-50487   -917489
-934488   -65978
923462   541741
17679   395239
-487740   840391
210271   -425162
-16892   -817601
-112892   -681989
-25141   246645
791720   -11733
-328536   -423023
418199   -20922
978733   -822726
-37548   731777
-250670   -841239
-715209   -795446
191964   96345
431992   518647
-445480   -331375
-806066   -263192
612527   365755
311435   952950
360890   -627350
-308003   -59349
356188   747026
316479   895246
449892   40165
-537214   714654
-344677   -798071
-10712   -928852
899799   615609
-111239   431915
753482   -799000
375625   744681
-976571   233829
-390204   339582
714765   -263269
786819   533714
-86738   -130473
-963097   -27331
-306030   -410173
-269808   914389
-80634   -406721
-716683   728326
55965   -632104
50600   -9784
951277   -795136
-478756   902909
-46076   -976590
438019   964224
-82041   649869
-563507   112261
229864   -272717
846419   -585437
682980   573967
-880986   643033
-384473   -35624
-717527   -112794
4563   -194232
166720   -444922
-516786   362206
-635957   79986
-747643   -369906
148401   670232
-30944   -643959
-872259   -352717
703237   -951391
-950092   -190556
482291   210971
567163   -596968
123091   -944281
775355   -561296
771206   -434354
100161   189337
-153845   486571
-504653   -394402
-412021   743790
-832002   939758
116585   -488022
267572   146331
-418733   -415215
-857474   237850
-227240   517953
-17278   782037
-989775   862787
549455   948627
-438093   -341562
175347   926007
688338   -953802
-642642   359862
-500205   -504992
-974596   469028
-56083   -86662
937742   -29141
-301774   -791790
-700215   -953237
-548424   708174
691802   -771410
258781   592353
-571053   261921
236947   408165
349481   527751
312546   -54393
868532   -712504
359887   94414
-828445   -516848
923457   -48073
337538   -33358
546822   964647
777916   898651
946652   713877
617590   293101
575476   918811
876335   198525
-754147   565534
-720989   414301
-494866   645596
-895370   -408810
-739069   691569
-661944   -491757
-249787   -625981
241662   -746174
796272   -908528
-809912   554512
-36714   288188
648303   -592014
-175546   -837757
237302   -19929
-501170   -610840
399409   89223
-850971   142626
145857   -748639
821458   85571
615210   -265196
726701   -413312
879110   -566563
738749   19144
-983529   236554
-746838   392076
-180930   -753514
419049   -915517
600822   -599107
36310   669152
207362   -956503
-564859   313166
-560480   -643401
-283432   202479
-76698   742552
-214652   751955
-328894   599595
222917   929789
-470308   -576951
-276755   804741
-937665   -7727
-735169   -430617
-662914   364762
-483203   -943820
35649   -194703
622779   -659531
-145041   694468
-881559   -44994
-67752   153805
-116806   -288018
-85549   -206362
-895223   819211
947413   -551609
428039   -431295
166321   -829217
388576   977912
870926   -489839
558577   -496073
975208   -838628
797908   574187
-996579   -740959
-912645   -455154
191279   621506
-320052   -773080
666383   -297094
-770004   -426757
-969727   -303664
-591795   64160
301677   769790
157969   -769132
512583   276511
-78425   -375007
-164518   -603791
257173   330488
-601946   827874
664286   -768161
-802741   -185302
-702832   -641990
-489554   -167333
-529537   27119
-241707   103529
500443   120209
337986   640150
-252397   875615
79898   -462778
-561181   -761010
67837   -475991
390245   -407859
-441390   991861
572755   940426
535850   -7765
-27782   -628623
472721   -600191
858137   157345
198500   -317802
49798   37355
-97514   -71476
-908594   -87777
373311   882638
-233383   -576127
871991   -364121
-878751   376954
-48492   -442164
-323909   -36582
-971155   737151
-830379   -577036
-814286   -63935
586400   44980
608711   587065
-74713   126764
130877   800408
899775   508792
943829   -969342
-535996   819147
-161551   904749
55634   456965
890796   636987
-590760   312066
274320   872612
-87462   -378300
974850   289711
185110   878698
-585904   -437862
822725   -2401
-495500   -336736
729264   -671414
76884   809209
-791605   545085
334870   155604
-168714   -313270
-602817   -781679
-74204   -101905
-992765   177452
304019   -914232
-815699   623132
-109457   317436
334883   -451594
293822   -200740
104000   223615
988068   -226996
910268   -130106
731079   -302201
-272618   697676
-901095   -277594
