40 600
552741 66094 57484 615789 978435 367476 634333 454018 133317 337069 524214 897820 407289 300300 880567 166877 928671 558253 442172 373924 733947 699074 813518 332437 59922 986165 368255 960995 360288 18714 265465 885999 495623 163615 167496 757105 835464 368996 61244 846186 33   0
36   24
15   9
15   17
24   38
38   18
23   1
0   13
6   20
26   35
37   4
18   29
0   31
27   22
9   20
8   0
1   32
4   10
12   25
33   16
10   18
8   1
5   22
7   4
12   28
4   17
19   6
34   29
18   7
16   25
29   3
7   0
33   28
27   26
27   16
11   22
33   34
24   2
17   11
17   34
12   35
16   12
13   18
12   34
5   32
26   32
17   30
3   31
15   23
6   21
34   24
14   5
0   5
16   24
24   26
4   34
38   21
2   17
20   36
31   5
3   17
36   5
25   24
10   25
39   21
4   35
15   21
37   17
11   24
3   28
20   16
31   24
32   29
28   20
3   37
14   3
12   22
2   34
35   33
8   3
22   32
27   24
24   15
3   25
14   22
2   32
2   4
26   3
39   37
13   11
25   8
8   2
8   17
23   12
11   19
9   19
22   34
28   32
34   25
2   13
21   32
26   4
17   7
32   31
7   39
23   32
32   16
8   35
25   9
20   3
15   28
37   0
17   14
23   33
31   22
23   39
20   1
19   16
5   38
14   16
26   31
6   26
16   31
22   6
37   25
15   34
24   32
14   31
35   19
37   16
33   2
3   2
30   39
36   13
37   11
38   28
10   24
1   38
17   23
23   14
5   13
1   6
27   15
13   27
14   30
23   9
37   12
16   0
6   7
4   39
6   10
38   37
39   22
19   17
1   18
37   30
33   24
34   13
15   32
4   38
29   36
23   25
32   38
36   14
9   24
9   0
21   20
22   18
22   21
12   31
12   10
35   16
1   16
30   10
16   10
9   16
5   37
2   19
5   25
37   19
14   33
36   10
34   37
33   29
12   21
8   6
32   14
35   24
34   21
39   34
23   34
25   21
35   36
8   27
37   21
31   1
5   3
12   30
30   22
21   13
27   37
27   29
23   5
0   19
20   18
29   9
35   38
28   16
29   28
28   39
15   16
23   7
32   12
33   31
9   39
39   38
13   38
28   5
25   36
25   32
30   1
29   26
17   36
9   31
32   36
19   32
9   35
39   33
26   10
37   7
10   7
38   3
22   20
11   38
15   14
1   11
8   26
24   8
9   10
22   28
24   30
25   22
34   16
6   25
38   30
13   30
20   31
35   23
21   10
9   21
6   23
32   17
20   30
39   32
26   7
18   14
4   28
17   29
9   27
22   33
26   2
32   18
9   26
13   8
27   2
16   22
18   21
28   34
4   18
33   25
36   11
10   28
30   33
16   36
35   10
25   11
2   16
36   12
16   5
15   11
35   30
17   35
29   13
1   17
29   16
33   17
5   10
18   34
26   17
6   38
6   0
13   22
2   30
25   29
2   31
6   39
16   38
29   1
39   2
0   2
37   13
10   0
1   21
24   20
17   31
30   7
15   30
11   8
10   11
32   34
29   38
1   33
26   15
21   23
39   13
6   12
33   38
8   22
12   17
25   38
4   11
5   24
4   30
2   38
16   21
21   35
17   27
20   0
8   29
7   35
15   1
27   35
8   32
0   15
34   19
11   16
26   19
39   12
12   1
11   35
29   20
12   19
31   28
20   11
1   26
23   26
20   39
21   17
23   30
29   24
27   0
28   2
36   27
17   39
5   26
19   20
30   9
23   0
26   25
28   13
30   16
31   10
35   0
21   14
23   19
3   21
10   22
9   4
14   19
36   1
22   3
36   26
24   14
39   29
11   26
39   26
5   9
11   30
36   30
25   13
20   2
8   18
21   24
7   33
6   37
10   1
28   26
15   22
32   9
26   14
8   16
23   37
17   9
38   22
12   14
18   16
2   11
4   36
27   23
15   18
8   12
12   38
7   22
17   10
12   18
27   11
11   31
6   14
28   8
11   0
4   8
36   0
3   10
6   27
18   27
37   2
9   13
14   4
28   19
19   22
21   5
30   3
2   15
7   14
26   20
35   3
33   32
5   6
34   30
2   35
20   4
5   8
26   22
39   11
35   37
4   1
38   17
37   36
22   36
0   29
1   14
19   10
6   3
12   24
30   0
29   10
18   11
12   5
13   7
23   16
7   25
31   8
11   29
19   8
38   36
39   15
3   18
24   4
17   18
2   12
25   17
26   34
15   36
8   39
27   4
7   12
31   27
26   38
7   1
38   27
36   28
38   19
33   11
31   13
7   3
14   9
33   15
17   24
28   17
8   34
5   11
9   36
2   7
31   25
9   12
39   14
23   24
21   4
6   33
32   30
18   39
4   15
20   33
8   33
25   35
23   31
1   37
32   20
37   8
2   14
39   25
7   29
17   22
27   34
13   35
5   7
22   37
18   33
9   33
18   28
37   32
7   36
33   26
6   2
6   15
35   1
19   33
6   35
6   28
1   9
15   13
20   25
2   9
9   3
23   3
24   1
34   35
23   4
19   5
10   23
3   24
7   20
21   11
5   1
18   30
30   19
13   23
39   0
2   23
9   22
35   39
29   14
11   3
10   37
1   34
28   27
31   7
28   30
15   20
33   27
33   12
4   25
34   36
27   20
22   4
0   4
27   30
31   38
13   14
8   10
27   10
29   6
20   8
7   8
32   4
13   32
8   23
7   15
21   28
5   20
7   11
20   37
22   29
31   18
13   3
36   19
28   35
15   35
19   31
10   33
13   6
27   21
32   0
23   20
27   32
13   10
13   33
12   26
0   22
4   19
22   35
1   19
26   30
7   16
6   30
12   13
21   30
39   24
15   19
25   2
