500
-561086   672574
-315502   630312
-344524   -254464
194580   -739392
-352678   -499740
-392828   972532
881203   890735
-466570   220036
808005   -911766
699574   804519
283733   -324209
590120   -581717
-454773   -774708
-657786   -736386
833193   811119
-861745   -19055
-693721   261042
339831   -560940
194823   -624935
-545716   -654581
-41161   326909
-184077   -39375
-520126   -562298
389782   818453
-560507   -703338
600868   -332372
881912   956424
706197   190167
-907813   241239
-857399   505149
5390   -526404
433174   -475427
849654   863562
-418548   536056
-523717   -585553
469907   -69316
-262430   124940
849537   625832
26047   383860
-940842   -496125
-175665   -891427
514767   -576560
-556090   436307
690621   140820
400425   -87468
-213759   -872647
-649991   780136
726457   605041
-529731   -298833
-868723   -34438
-304316   15306
-622958   -707894
-611279   -131883
-119892   380341
-357842   61251
438234   -794569
8601   -656990
-212872   221768
-283330   202156
-85113   727987
-739948   906034
81433   655253
307062   -770530
497710   -588124
-880115   -318624
558104   479230
850978   177400
200976   968903
22742   -271114
-658810   122958
389278   470611
840585   -339908
-501594   -688701
-377425   -841281
-695054   206891
896285   622358
40750   147287
-2468   659699
590146   402599
174874   -628693
466562   -250556
-772786   718570
-520159   -241483
-236604   723293
-665194   -303814
429348   -309415
965005   -479317
-47244   -819166
987804   -720511
625809   -864132
-102698   367280
-328031   -4478
802581   907422
389023   -554259
660288   -852101
933095   832734
25143   -148908
-6454   273914
801737   265863
131108   -633526
468182   590223
364454   549604
67557   512146
-109314   438951
-572446   527788
-817275   858084
-331240   -903782
351761   -90287
-568741   214304
610064   -17512
-487715   -512668
-574499   -398281
168018   -715193
-252198   -3931
295949   391836
-610612   -990377
479436   769276
736891   -167243
-91798   -111895
-451124   139101
951855   -573285
961822   -323586
751844   -409924
421762   549425
-74232   410310
918127   587930
-353303   905784
467821   83774
-365244   -175824
-194948   -147281
840358   -926214
-397426   -900665
-755196   681081
-114829   249351
-922427   990587
254194   -700557
-449296   -16155
220141   -953505
693612   292221
-504163   157156
-523778   591094
-926019   -543097
697661   -95242
-219102   967580
-92321   -209906
779122   869225
-395604   162119
-653990   -341557
441134   -145560
132894   269982
-420021   32870
659505   648984
64893   919726
-350992   -640703
261260   21851
246431   106933
23481   502970
-686641   201502
-769571   566696
485213   -73920
363565   -719957
-110612   -619616
410640   -146630
-239590   784080
951432   679445
-612792   -166787
-837217   841183
464879   -936992
-259852   300232
-688962   729651
-382607   818523
-65875   36183
-19945   -83907
986630   667729
658995   -776685
-898682   -568419
238114   376368
-549562   134639
414553   818121
-137077   584455
-698294   -240398
-192992   -78811
995312   314783
-718230   -235430
928152   -804748
-756359   604673
290128   366045
-900950   961134
729893   543686
852502   805896
-989728   667552
-325716   605786
-795363   530341
-44155   -936377
793091   833753
208072   781282
-433812   -295806
837469   -356882
71494   693867
-416519   998050
-661846   442088
639131   956597
920038   468740
788159   -398251
-192480   211073
88342   136352
365130   409213
-649036   -644096
509653   -710077
-761398   265998
-791303   -137157
485384   -121199
-821938   -261442
404949   519961
-797898   -655018
-867165   -907205
563551   716401
819996   -571948
-527122   668227
332159   444472
-688319   -133094
601849   893124
282184   276430
-864683   503492
-547804   275484
-443348   -939902
-701636   -388935
639336   685173
-915951   -857669
825539   553972
-297175   696137
659595   -537394
-822167   654836
424420   499486
571327   -986317
-110570   -972128
846887   -766790
127156   -505307
835803   761879
33977   -458550
-900568   -756065
-608848   -983703
-803330   386507
491939   604996
529389   830102
-921779   -703202
560666   559224
-731589   -275244
612317   333707
-376667   -746544
-725847   673066
457347   669324
-668387   117336
857704   -2434
-972142   -6488
-33065   895248
-944677   992301
-859075   -262275
750026   -47531
-866968   -19172
-767306   -717185
691642   -743728
279733   -605938
930589   571731
-245177   -844422
193482   599560
463512   139098
-711229   658706
337599   -228283
-575659   -406877
-624046   629214
901880   453871
-770177   -366189
-777525   998665
-114197   -482339
-537287   337904
142592   -736617
-951307   322509
130862   -372182
-26400   715874
634243   -520797
-902530   -881959
802362   -770387
-707243   -53792
-517166   532800
738431   -288440
-920547   732778
-493845   604724
-200525   483743
-683395   -660785
185725   635048
-132428   -819167
-338291   626938
-729570   -711719
229925   -376239
-569104   89985
417487   -648961
-835366   -949018
-579263   -702502
911044   -249247
-752520   680553
654714   138606
-283224   -954348
-822541   451961
824073   -500896
209362   -488665
-377318   280438
-878826   -890744
543598   514366
225213   100873
-55837   292099
297657   392332
-961579   -22045
790265   545967
654609   -451403
177415   1317
-957993   942084
-73807   -898339
632039   -127181
563525   68357
875127   -370634
286558   241759
736571   473499
848189   -579912
305839   515913
-202863   376733
-224585   667579
-807663   652890
-153892   867020
262985   -982423
264435   -119894
-513538   702982
-681785   -33592
616332   -137883
-543999   614240
-196910   513685
-645312   168852
688367   -40676
-750867   429152
-129908   -514412
-130512   967352
220622   641957
-866428   42346
-128466   -647071
-726267   -544270
489624   -345958
-521354   -465036
895115   57814
-561469   -631123
69015   -927101
-171133   -122237
489900   -906736
-885295   -232277
346960   -432308
-7636   482431
656527   -574717
-618769   -302285
-177625   937098
-231005   -187677
177539   225625
-496062   -113742
-282528   -169593
536689   650745
382258   -188430
613368   602623
805593   -657293
-760738   -837455
-60965   -294295
787664   -903952
-159365   889361
-537663   -565038
651733   -793118
998675   364639
-576435   -227858
-318292   211757
-213686   745129
-853958   -913795
463848   -192226
303721   -721131
563401   446781
-668733   -620816
-200385   -841407
-798863   560715
-128579   -602731
485759   -209328
221070   385678
326988   -65956
326138   287914
-488805   625512
297291   -619863
-992605   456919
-947255   427555
-775363   658270
242457   288761
-846711   911061
578142   -917944
225760   414062
-634075   -480713
-535054   -909983
-814538   -683428
-859756   -792132
-28742   -342321
350353   333014
256904   748985
396021   -955045
595479   482689
-938302   -602850
-37538   -368296
954637   449173
33509   851963
328962   765580
454745   -65398
934543   168365
-333531   -843691
182921   175513
-475276   7565
4485   94153
970435   -189916
321067   213594
-20772   -580297
-227905   375541
865900   12776
-622075   -202575
672098   206209
390266   -288099
829390   -705303
-748606   959427
846249   -81060
-809010   66539
-131225   -127860
218364   -762244
-671171   -145113
-424410   -89442
-867610   -932738
304254   701363
-181646   -67914
434044   926120
-86698   60614
921034   -860659
1681   925209
-520500   -968449
-985252   -537358
-429811   -144944
-231122   -803963
510853   -803998
-105718   -510963
-581437   935371
134547   816467
-784502   -579900
828216   68483
-905855   -460436
-933733   -815609
943019   502640
16323   -887439
513126   -837006
650446   -798822
-773242   221307
-759385   265445
544725   -545723
966611   142415
-746581   384439
960616   -686906
193070   -937832
-68830   134889
601494   821391
-306345   -803717
478582   631816
-871352   -67535
-499452   12972
-652239   -541891
-743197   166807
-71975   -366170
357718   682619
-400452   -157891
-22035   732563
-982920   44753
-825115   975013
-56920   -881638
32300   -494161
396689   -382003
480360   -882610
-502215   -683634
-527885   -436428
166726   -5305
-40255   -375840
624377   -930894
-590214   244918
-801084   295797
581263   761702
768267   -884010
224401   850973
891041   519268
719726   -968069
39090   -387787
-96887   -441765
-9509   38717
458817   541086
-593342   752452
-278712   340659
-572784   83723
