4096
1010 101001
1001 10011
1100 110011
1111 11110
10010 11000
11111 111100
100 1110
101 0
10111 110110
11110 110100
110110 10000
110000 1110
110000 10
101111 100011
111011 10001
110011 111000
11001 100
100101 1010
10 101111
101000 100100
110010 110111
11001 100010
100111 111011
111101 111010
11100 101
111010 100110
111110 100011
11110 101001
10110 10111
10110 11011
11110 101110
1110 100
100000 110011
10111 111011
111000 111001
10100 10100
101111 10010
110010 11001
1010 100000
101111 101101
11000 1011
1110 110010
11 111101
101 11100
101010 1000
0 111101
1111 110011
100111 111
111011 111110
11000 111100
111010 111011
10100 1011
100010 11010
100111 1111
101110 111101
110011 1110
1101 100001
110110 111001
1110 101101
111011 11000
101010 10101
11001 100011
100100 10011
100011 11000
101101 110010
11 111100
111010 111001
11000 1001
110000 11100
10011 110011
101110 1000
111111 1
1010 10011
11110 11001
1111 110100
10010 100100
111100 10100
11001 101100
110010 111110
110011 110
110000 110000
10011 110010
11011 1101
10001 10100
111 110100
101111 101
111000 10001
111101 1100
11011 111
0 10011
100000 111000
110 100111
1100 101110
1 110011
111001 1111
100 100111
10100 111101
111101 10001
11110 11
11000 101001
10001 101100
11001 11001
100101 11010
101100 1011
1010 11010
10101 11
110100 10001
110101 101000
1 10001
11101 100000
100101 111011
110111 100010
101001 111101
111000 101110
10111 10010
101 101100
111110 10100
10100 111000
110000 1
110000 100001
100 101101
110000 101010
101110 10101
11110 101000
1001 11000
100011 110101
101101 10000
100001 111110
100001 101011
111110 11001
11110 101011
1110 111000
1101 11111
101001 100101
1111 101011
11010 1101
110 110110
11110 1111
100100 110001
1111 101101
100000 100101
101 101000
100010 111010
101011 11000
111001 11111
111101 10
10110 10011
100000 11011
100 110001
10010 100000
0 11001
1111 101001
11110 1100
111010 110011
11111 0
100000 0
111010 11000
10001 1101
111010 1100
110000 101100
1101 111011
111001 100010
100101 101000
1011 11100
110010 100000
10000 111
11 1111
101111 10100
10100 110110
10100 10
111110 101011
101110 11000
1000 100
110110 111011
100100 0
11010 10111
100101 11110
10110 11101
110011 101011
111100 1011
10010 1100
11100 0
10101 11011
1000 110000
1000 101111
111110 101010
10111 111101
111100 111100
110011 101111
110101 110011
11 11110
111000 110010
110101 1010
101101 10101
100111 10010
0 111011
1111 101111
101011 110111
1011 100011
1001 111010
11 1000
100100 10101
100000 1
101011 110101
1000 1111
11011 110011
11110 100010
111000 10101
1001 10
1 1000
11000 11001
100 101010
100010 111011
1111 110000
100011 100100
1111 111101
1111 111001
111101 10100
111010 10
110111 10110
101000 111011
1000 111110
100010 101101
110001 1000
111100 10101
1000 111001
110 1110
10111 1100
111 1000
10000 110
111 110011
111001 111
0 110101
1010 10000
100101 101001
11011 10
11100 10000
101010 100
101101 111111
1110 11000
1111 101000
10100 101001
110000 10000
11110 101101
1100 101000
1100 101
111000 110011
10001 100010
10010 11110
1101 101011
1 11110
10001 111
11 100000
11101 110010
100010 11101
10100 110010
110011 10000
110000 100111
10001 11111
1 100
110001 111100
110110 11000
10101 110111
100101 10111
110100 1
11100 10110
111011 111010
11110 11101
111101 101
11101 100011
10100 101101
10 111110
0 1011
10111 100
10001 10
101011 100
10010 10010
101101 10100
1001 11101
110010 110000
1011 111111
110001 111110
111011 100011
101110 110001
111011 111000
11111 10101
101111 10110
111101 101001
110111 11101
1011 110011
10000 11000
11000 110001
110010 101100
101100 100010
110000 11110
100011 10110
11101 101011
101001 11100
101110 1110
11111 101
11 11
1000 1010
110100 100
111000 10111
11101 101110
100110 11011
10001 100011
11100 101001
101111 101001
10100 10101
100010 110111
1 10101
110011 110011
111010 100
1101 101001
111101 1111
1000 100011
101011 111001
100001 1111
10111 101111
101001 0
100101 111010
100100 11110
110000 11101
101001 1000
100011 10011
100011 11
101111 11
11011 111001
1011 11001
11111 1010
101110 10100
11010 11001
1000 100000
110000 11010
101010 100000
100010 10101
101110 11111
11101 1111
111000 11101
111001 11000
1000 10
110000 1011
111001 110110
101 100101
11100 101100
10111 10111
10111 0
11101 10010
110 100101
110 100010
100100 1011
110101 101100
101110 10010
10110 10100
100110 101000
10110 10101
1110 110011
100011 10000
100000 111011
110111 1
1011 1101
110111 1110
11000 11000
100 110011
100101 1100
111011 1001
1011 111001
111 101100
100110 1111
101110 111011
101010 10110
1101 100100
111101 100000
1001 11011
100000 1111
11000 100110
1000 111101
11000 1111
110001 11011
101100 10000
110 101010
100000 110100
10101 10001
1101 100110
110010 101010
100010 10000
11011 11111
110101 100011
101101 101101
11100 10010
110001 10010
101 11111
110 100110
111101 110001
11000 110100
101010 101011
110 101
111010 10011
11000 11100
101010 11110
11100 110011
110010 100
1101 11100
1101 1001
11110 11010
111011 101001
10000 10101
11101 110100
101010 11001
10010 11001
100000 1010
100010 100010
100110 1000
100111 101001
1011 10011
1001 1001
111011 100110
111000 101101
10010 111010
1001 101110
10000 111101
100100 10110
11111 101000
100011 111101
110111 100011
111110 1100
1111 11100
1000 100001
100010 111
1111 11010
11 111000
1 100101
11001 110110
1101 101100
100001 100111
1000 1011
111011 1011
101011 110011
101100 10101
10000 1
10001 1000
110010 100100
101111 110001
11001 100100
101010 110111
111001 10000
110110 100101
11 101111
1001 101111
111100 11111
100001 1
110101 0
110101 10010
101100 1
1110 101001
10011 111100
101011 0
11 100101
1001 10001
110111 101011
1000 11000
10001 101101
1 1010
111111 11111
100101 111111
111101 1000
110 1100
11000 10111
10 110
101 1011
111110 11010
101000 101101
101110 110111
10001 110000
101 1100
11111 11
100110 111
111111 10110
10001 111111
10101 1101
10110 101110
101101 11001
101110 1011
100 100011
10111 101010
100001 10100
101 101011
111100 111000
110100 101111
101110 11100
11101 0
10000 101011
100000 1000
110 111
110000 111011
110 111111
101000 110
1000 10111
101100 101
1010 111111
111110 10010
1 111110
1 1001
101 110001
111110 1101
0 101101
10010 111001
10110 1010
100101 110010
100010 110110
10000 10100
0 10110
100001 110010
110001 10001
111001 10111
101100 1100
101110 0
1101 1110
111 1110
100100 1100
11110 101100
1011 101000
1101 11000
11010 110110
10101 1100
100 10100
1010 10100
10101 100001
100110 100111
101101 110001
100100 1111
1100 101111
110110 1101
1110 101010
1100 11000
10000 101110
111010 10010
100010 100111
10001 1111
111111 10000
1010 11100
100001 1110
10110 10010
101001 11111
11011 110000
100 1010
110011 110010
101000 0
10001 11101
101100 11010
10101 10111
10001 11011
111 111010
111110 1000
101010 111001
101000 110000
100011 100010
111001 11101
100 110010
101000 111101
10 110111
10000 111100
11110 111001
10100 11001
101111 1000
101011 100100
10100 110101
111000 10100
100001 11101
11011 1100
10 11000
11110 100101
111101 111000
100100 111011
11110 111110
100110 100
11110 1110
1101 11011
111011 10000
1111 1011
1001 101101
111000 1000
100110 11101
110101 1011
110 110010
110001 101001
100111 110110
11 1101
1110 1111
101 110000
1 1101
100100 10001
101101 1
110011 10011
101100 10100
1110 1110
10001 1010
10010 1011
101001 1010
1011 10000
11111 11010
10000 111010
100101 11
111100 101
1111 100000
11 101011
1001 100011
110100 110111
101011 101
100000 10001
111011 110100
111010 1000
111110 101000
1011 111010
101011 111100
10010 0
10101 101000
10100 11111
11000 101010
11010 111110
111100 1010
110000 100
100010 10010
101101 11011
100011 110011
1010 111001
110011 101000
110001 110
11 10010
101 100001
11011 110
100111 111111
110001 100010
111 100010
110100 11110
110101 11100
1001 100111
110 111001
110001 11101
1000 10100
100001 110011
11101 11101
101101 101100
101000 111001
110110 111010
11101 100010
101011 1
1101 100101
10011 111111
111 110111
10011 101010
111101 110110
11100 111000
11 11001
101111 100001
10110 1110
1100 1001
110100 1111
110111 110111
100100 111000
101111 101111
10111 100101
1101 101101
101001 101100
11000 10001
11111 101110
101011 10101
1 111100
100010 1101
101111 110101
101000 101
111001 110111
11111 1101
11111 100111
111010 1101
110011 11111
100100 10000
101100 10011
101100 110
110011 100010
11011 11100
110100 111000
0 100011
10110 10001
10 11011
111110 11011
100101 11100
100000 101101
101111 1111
11111 100
10111 11100
110110 10
0 110100
1101 101110
110 1
111110 100
11101 100
11100 1001
101100 101000
101100 10010
111001 110100
10111 100011
100101 111100
110 110000
11001 11100
100111 11100
10 1101
11110 100111
10011 10101
100101 10
1100 11001
100010 111101
11001 111101
101100 111
11001 101001
110110 111000
111000 111010
100 100100
101111 100000
100 100001
100101 11001
11100 100010
101 101001
11011 100000
111 110101
101 100110
1 100110
100010 100000
101001 111110
101010 110101
10111 1
101111 101000
100010 101011
10010 11111
110011 101110
10000 101111
101 100
101010 101001
100100 111100
100011 11100
110111 101110
110101 110000
101001 11
10011 11111
101000 111100
100110 10111
110110 10110
10 10
110111 111001
101001 100100
111100 100010
1001 1111
11 10100
110111 111011
110011 111101
110110 100110
1011 110010
1110 10010
111111 110010
101111 11011
11011 111101
1101 100010
110000 111111
100111 101110
11100 100
110000 10101
101110 111010
100010 111000
101111 111110
111000 100
11111 100110
101 100111
10000 1000
1100 100110
110010 1100
10 111010
111101 1001
11010 11011
10111 111010
100111 1110
10101 110011
10010 1001
111110 10101
111110 111100
100110 11000
100 110110
111101 101100
111101 10111
101101 10010
10 101
10010 110110
11100 100110
100000 11111
11011 101100
10 100010
1110 11110
110111 110110
11 1010
110001 11000
100100 101000
110011 100111
100100 100001
10 11
10010 111110
1110 100010
100111 110101
110101 100100
10000 10001
100100 100
110110 111
101101 100011
100000 11
111000 111101
11 110000
110100 1001
1 100010
10000 11110
1011 101110
101 10010
10010 110010
11101 11001
1010 100011
0 10001
110000 101001
110110 0
110101 111011
1100 101001
10001 110001
10011 11001
1 11011
11001 1110
110111 101
111011 101
10101 110101
110111 111
111010 110000
101010 110011
111 0
111111 100111
11110 101
101011 101101
101001 1100
100101 10100
110010 111100
10101 11010
101000 10
110011 111
11001 111000
100000 110101
10110 11110
111011 1100
11111 111110
111010 100100
10100 100011
111011 11100
110110 11
10100 100010
1011 1
11101 111010
100101 1
100 0
110101 11101
111 10101
10111 111111
10100 111
110010 0
111000 110
10101 110
11 100
111111 1000
10010 111011
1011 101100
1110 101110
110 100000
1110 10110
101110 101001
11 1110
11111 101011
11101 100001
110 1111
100000 100110
11101 11100
11010 111101
1000 101001
10111 110100
101111 111010
100111 101010
11101 10000
111010 111010
10010 10011
11001 10111
111100 100101
1011 100
110000 1010
101001 10100
10110 110000
1 110101
10011 1111
11101 110000
101000 10111
100111 11101
11101 1000
10110 111
110011 1
11000 11110
101110 10011
1110 100101
1111 110101
100011 11010
111100 1110
100000 110000
101011 1011
101 11001
10101 101101
111000 11111
111 10010
11010 110100
1110 1010
110001 10000
100011 100
110000 101000
11101 11000
110110 100000
101011 100111
101101 100010
101010 101100
110 110
10010 10100
101001 101010
100000 100001
101011 11010
111101 10010
100000 10110
101110 110101
1101 110101
101001 111
10111 10110
101001 100
110 111000
101 1111
10011 101110
101001 110011
111 100
100000 111101
100110 1110
1010 101110
111111 110101
11010 11100
110101 100001
11100 110100
101010 11101
101101 10011
101110 100011
11 11010
111 101111
1001 10010
100100 111010
110110 11010
111010 11111
100110 111010
100011 100110
1101 10101
101110 111
110100 101101
1010 100010
1000 11010
100111 110100
1011 110100
11001 100110
10111 101
110010 101
11001 1100
111000 110111
101101 11110
101010 10011
110100 11111
1100 110110
10011 0
10010 11101
111110 100001
1011 100110
1011 111000
101100 100100
10001 11000
101110 111110
11 110001
11010 110010
11100 111011
100101 101110
111001 110001
11100 11000
10011 11101
11010 11
100000 1011
110011 10001
101100 110111
101001 110100
10100 11100
100000 10111
101001 10000
11011 100001
1111 101
110010 110
101010 111
110000 1101
101110 10001
1111 100101
10101 11110
10000 100110
10101 100000
100110 11111
11100 110000
11 111001
1001 111001
1100 10000
110111 11110
101 111000
110110 1110
101010 110110
100100 10
101100 110101
110000 111001
11111 10000
1010 111100
1011 101101
11111 100100
111000 100111
100111 100010
10100 0
1110 111011
11011 11101
1100 110111
1111 10000
1011 10001
110011 100011
10000 111110
10 1011
111011 11010
100011 1010
100101 110110
11000 111001
100100 100010
110011 111110
111100 11100
111100 110110
1100 110010
111100 10110
10111 111110
10 10111
1101 101000
100010 100
10000 111011
10101 1011
11001 11
110111 11
100110 111001
110111 0
101010 1111
100110 110101
110101 10000
1110 11011
100101 101
100101 1101
11001 1001
101001 100111
10 0
1010 100100
10001 101
100101 11000
110001 111111
1010 101000
100100 111111
100100 111101
10000 1110
11010 101001
100 111100
100101 1000
11001 111111
100111 111100
111101 11011
100011 1011
10010 101011
100100 110010
110 110001
1000 101
11101 111111
11110 10
1111 1
101001 100001
111110 10111
11000 101110
111011 11110
100010 100100
111111 111111
1 110000
10001 110011
110101 1101
10011 100111
110101 10100
101101 110
11010 101
0 111000
10100 1
110110 1100
11001 11011
11000 100100
101111 11001
11111 1100
10011 101
111010 1001
101010 10010
111001 110010
101001 101101
110000 100101
11110 111000
11110 111101
0 11110
110100 101000
101100 11111
110111 10011
10001 1001
110010 100110
111100 101010
11 100010
100010 101110
1000 11001
11001 10011
111001 101000
1001 11010
111111 110111
101 111100
11 100100
11 100110
100 10
11101 111
101 101
11011 11001
1110 10101
100000 10010
100101 100
11000 111
111011 100000
11111 11001
110000 101
111001 101110
100100 11010
1010 100101
11101 111101
101111 1011
1000 110001
1010 111
100010 1
11010 1
100011 101101
110 11
110111 100100
10010 100111
100010 11100
10 101110
110111 10101
100 10101
101111 10001
110001 110101
1 101110
0 101
11100 110
110000 110
10100 10011
10100 101111
111111 1001
101 101110
101 111001
1010 1101
110000 111101
10111 111100
110 101011
110001 1001
100010 1011
10011 11
101100 101011
101 100000
101001 1111
100001 100011
11101 100101
11010 10
11110 10011
1011 100111
110001 11111
1100 100100
101011 110010
100110 101
10011 111
100000 10101
0 100001
110111 11010
100101 0
100100 111001
101 100011
101 111010
110000 111110
100110 111101
1000 1101
11010 11010
100001 100000
100111 11000
11111 1111
1110 101011
1000 1110
110 1101
110100 100111
10000 110110
100000 111010
10011 11100
101100 11000
1000 10010
1010 111011
1111 1110
10000 1100
100110 110001
10000 100011
100110 111110
11000 10010
110110 101011
10000 11101
110010 111011
110 111011
111001 101100
110 10
111 100001
10010 100
1001 100010
11101 110110
100101 100111
110111 110101
10100 100
111100 111010
10011 10011
100100 110100
10111 10
110001 100000
1111 1101
100 11101
101001 111011
101000 1101
111010 10111
10111 111001
1100 101100
10111 11101
111111 11
10111 101011
10101 101111
10111 100001
110100 1110
111010 111100
1001 100000
1011 101111
1011 11101
1011 1111
111111 10101
110111 100000
0 11011
100000 101100
101100 11
10011 1100
11011 101111
110011 101
100011 11101
11010 110000
11000 111111
100011 110010
11111 111000
1 11100
101110 10000
111 110000
10110 110101
10110 100000
10101 101011
10111 11
110110 111110
1011 11
11000 101100
100010 10110
1110 11010
110110 1011
100101 101101
0 10101
11111 111011
100010 101010
111110 10000
101010 100101
100110 110111
101000 11001
110001 100
10000 110101
100000 11010
1100 10100
110 110011
1100 11010
101001 1001
100101 110111
110100 11001
1101 1011
100001 100
110 11001
1110 101111
11000 110000
1001 100101
101100 10110
10111 11011
110010 100011
10010 100110
11110 111100
101101 10110
11111 110111
101000 100010
111000 101111
11100 111110
101010 1001
100010 101100
10001 11010
101101 1011
100001 111111
101 111101
11110 100
1001 101000
111100 100000
100 110101
111 111110
110 11110
1011 11011
110100 11100
101 10000
1 110111
100110 11001
11100 110010
110101 110010
11111 111111
100111 1000
1111 111111
110001 111010
111100 10001
101011 100001
1101 1111
10000 110100
1011 100101
11000 10101
110101 101111
110000 11
111100 10010
11 1001
110011 100110
101111 100111
111 101000
110101 1111
1100 10001
110000 111100
111 11001
100000 111
110000 111
101 11011
1011 111110
1101 100011
11110 11110
11001 110001
110000 111000
10001 11
110001 10111
111000 1010
111 1101
100001 10011
101100 101010
1101 11001
11111 111101
110001 101000
101111 111101
100010 1111
111011 111001
100001 101110
111110 11100
100110 10
1001 1100
101001 1101
11011 1011
11100 110111
1010 1
100111 11001
101001 11011
10110 11111
10100 11011
111110 0
0 101110
100110 10100
1001 1011
10101 100011
111111 101011
10100 110
11010 101101
11111 10
110111 10
111011 10101
1110 110100
11000 1
101000 11000
111000 100001
111111 111
111101 111
101100 1001
100000 111100
11000 1101
1110 10111
1011 101
10001 101111
101111 100101
10110 100101
1000 110011
101 10100
101110 111000
1001 10110
10111 1000
110111 1010
111000 100110
1 111
1010 10110
100011 1100
11001 111011
101101 110111
100111 10111
11100 1
10111 100010
11001 110
100000 111111
101111 110110
100011 101
11000 10110
101100 11100
100110 0
10001 100000
101001 101
101000 111010
111010 110101
1011 1001
1110 11
111111 100110
11111 10110
101010 111101
101100 100011
110110 100001
111011 101010
100001 11100
11100 1000
111110 110
10110 101000
110101 111001
11 110
11110 100100
111 1001
11100 1110
1 110
10111 101110
100011 101000
10010 110000
10 11001
11110 111111
100011 111010
101001 101111
11011 101011
100100 100100
100111 100011
10001 111101
10011 101000
101010 111100
10111 10100
100 11001
1010 100111
1000 10000
111110 110111
100101 110000
1111 110110
100100 110110
0 11100
10001 101010
111101 11000
101010 111110
1 111010
10111 1110
10001 10101
111111 100101
10100 11000
101110 100100
11110 10001
1001 10101
111110 10011
110000 101101
11101 110111
101010 101101
100101 100011
100111 101011
1 1
111100 1000
1101 110000
110100 0
11 110011
101010 100010
11011 100100
100 10001
10101 10000
10011 11011
110110 101101
11100 11001
110010 111000
10111 10101
101100 100000
100110 101010
1101 111010
110111 101100
10000 110111
111111 101100
100011 0
111111 101000
10010 101100
10100 11
1010 110
100110 10110
101011 1110
101101 110000
110001 0
10010 111000
11010 101000
11011 1010
101110 11001
10111 110111
11101 1100
101111 11111
111 1
111111 101001
110001 1010
110110 11001
100111 111010
101101 101000
110001 110010
100 111010
110100 111110
10000 11001
101000 10001
11100 100001
100101 110011
111 101001
0 101111
110001 1011
101000 110111
110011 11101
11010 100101
11001 10101
10011 101111
101100 1110
101111 11110
110110 111101
100000 101011
1111 110001
10111 11000
11100 10111
110101 111100
100011 1101
10001 1100
100101 111001
111100 11110
111000 101010
1111 101010
10100 100100
100100 110011
100 10111
111010 10100
0 1000
11001 110010
111001 10011
11101 111110
100000 101
10010 1110
110111 100110
111101 10000
11010 11110
11011 11110
1100 111111
0 101011
1 11111
100010 110100
110001 1101
11110 100011
101001 10101
101111 11100
1110 110110
11100 110110
110010 101110
100000 11000
11 101000
11000 1000
100110 110100
100 101100
110101 1
111011 1000
11001 100101
100100 101001
1110 10
100010 1110
1110 1
10110 111101
111000 1101
101100 11110
1011 111011
110100 101
100011 110110
10101 111011
111010 110
111110 100111
110011 100000
110010 1
111110 11110
100011 11110
1101 100111
10000 100000
100000 101000
11 11111
100011 111110
10101 1001
110100 1010
10011 100001
110111 11001
111110 110010
11001 101000
100 10010
100001 110
11100 11111
101111 100110
110 10010
10111 11001
11111 1001
1010 1010
110111 1101
1111 100110
110010 1101
100010 11
110101 110101
101110 101010
100001 110101
10010 10000
10101 1110
110010 11011
11101 101
110111 100
100100 110
100111 100111
1101 111000
100101 101011
10011 1
101001 11101
111000 101
111000 100010
111101 111111
110111 111000
100111 10101
11010 1011
111111 0
10101 110100
111000 110001
110110 11100
110101 11010
11001 101010
11001 1011
1 100000
1100 100000
101 10111
110 1001
110000 110011
111011 100010
100110 101111
10101 101100
1100 11111
1110 111111
11000 100000
100011 10010
11001 110000
10011 111001
1010 101100
1 1011
111111 100
100011 110111
111111 110100
101001 10011
10101 100010
10100 1100
11100 111100
101000 11011
110 0
101100 110010
100110 100011
101011 1101
100 110000
10011 1011
111100 111001
10100 111001
1011 100001
100110 100000
1110 110
111 10011
11111 1
110100 110110
110100 100001
1000 110
101110 110010
1101 101111
100010 11111
110011 111010
111111 111100
110101 100
11111 110000
100001 111001
110000 101111
110110 1000
1110 10011
0 110000
1101 1000
101111 110010
111010 11101
1011 1110
111 111100
110100 110
111101 1011
111101 100011
111101 100001
1010 101111
100101 111000
101010 110
10 100000
111100 11000
111100 100100
100000 100
100 111
110100 101100
10001 100001
1110 100011
11100 100111
1111 10
1110 10100
110001 100100
101001 1011
11100 11
100000 100111
11 11000
111111 101101
101110 11101
11111 110101
100111 101100
111100 110
111100 101011
1010 1110
11110 1
10010 10101
111010 101101
1100 1000
101111 1100
111001 100111
100111 100101
10011 110111
110111 100101
10110 1001
0 110001
1000 101110
11011 101010
101011 111010
101010 100001
100111 100
100100 1101
10000 100010
110000 110111
100 10011
10100 100000
1110 100001
10101 101010
100000 11001
11010 11101
110000 100010
10110 100001
101101 1111
10010 101001
111001 10100
1000 100111
110111 101010
101110 101
101110 10
11110 111
110 101110
101110 100101
110110 11111
100011 100000
111111 10
101110 11110
11101 111011
11110 11011
111100 110101
101 101010
10001 1011
111001 111111
1101 10010
110110 101100
111110 110001
110011 101010
11101 11010
101010 1010
101011 101110
111110 1110
10111 101101
10 100111
100111 111101
110100 11011
110100 100011
101111 0
101001 11010
101010 101110
111001 10001
10001 110
101101 111011
0 10000
111000 111011
111 11110
111110 111010
111101 110101
101101 100100
11001 100000
11111 11101
11 100111
101 101101
101111 1101
10111 1101
111001 1
1000 11011
100100 111110
111110 111
110011 110100
11000 101011
111110 1
100111 11110
101110 10110
11010 10000
111 10001
111001 111100
101000 100
100110 10001
1111 110
100000 1100
0 11
10101 111000
111111 111010
100110 110110
111 11100
1111 100100
11110 11000
10000 100
1100 110001
111010 101
111011 10110
10011 110001
11010 100000
101111 1001
1110 110001
10000 11011
101111 110000
101000 100000
110110 100011
100001 101000
11 100001
11101 101100
101001 100110
1010 110100
110010 110010
100001 111101
101010 111011
101011 10110
101011 101000
111010 10001
11 110111
110010 100111
11100 111010
111000 10110
101110 1
11011 101110
111001 101001
111101 100
11000 100001
110100 10110
1100 110100
110011 11110
1000 111000
110100 111101
1011 11110
111010 110111
100100 100011
101101 100110
111110 10
100100 110000
111000 11010
111101 10110
111111 1100
10000 0
1011 10111
1100 110101
11 110100
100101 101010
110010 100001
100 1000
100110 1
111010 10110
1001 11
110111 101001
100001 110110
11100 1011
101000 101010
1111 11001
111010 11110
110101 110
110 11000
101110 101110
1001 1101
111000 110110
100 101001
110101 100000
11011 100010
100011 101010
1011 110000
10111 101001
111 1111
1101 100000
101100 111111
1001 110000
100100 100111
111011 100001
111100 110000
11101 101001
110100 100000
1011 10110
100010 10111
100101 10110
110011 10111
101100 101100
110111 1001
111101 1110
1111 111011
110100 101110
101111 101010
100100 10010
10101 111100
111001 1110
11011 111011
1010 111110
100010 101001
11011 111111
1011 111
10001 111001
101101 100001
11101 110011
11 11011
10110 101
100000 110110
100000 110111
10011 10000
11000 1010
10110 11001
10001 110111
1100 111100
111001 1101
101011 1010
0 1110
110010 11111
10001 111000
100111 10000
100 11000
100010 11000
101101 101
1 110100
11011 101001
10101 100
100 11011
110011 111001
110101 111111
1011 100000
101111 10101
110101 100101
111100 101101
11010 100
11111 11100
111101 11110
111110 1010
10 111100
10001 110010
110100 100010
100011 11011
10010 111
1100 100101
1111 10011
110110 110010
110100 1011
101000 11110
100110 10101
111011 110111
101101 100
11010 100111
10011 11110
111100 101110
101001 11000
101000 101011
111001 10
111110 111000
110111 101111
101 110010
110011 110000
1111 1000
1100 100111
110101 111000
111101 11001
1111 101100
100000 1101
11010 101010
101111 111
11 10000
10011 110101
101100 0
1 10000
1110 100100
11011 111100
10000 1101
111 11101
1010 101101
1100 111101
10010 110100
10100 100111
10 110001
111110 100110
11101 101111
101111 111000
101000 1100
100001 110001
10010 101
111100 110011
11100 10100
111111 10010
1100 11011
11101 11011
100001 1011
1 10110
100011 101011
111111 110110
101011 111000
110101 11000
100100 1010
1010 101011
1 101001
110111 11100
101111 11000
100001 100101
1110 101000
111100 111111
101111 110
110001 110110
11100 111101
111010 111101
101110 100000
11110 110000
110100 110001
111101 0
0 101010
110100 1100
101111 10111
11000 11
1010 110010
10001 100
111 111
1101 111
110 110101
0 10100
100010 11110
110000 11001
111001 1100
100101 1001
11010 1111
10011 100110
100111 111110
101000 110011
100111 110010
111111 100000
1111 0
110010 101001
11000 100
1001 10000
10101 1111
101110 100001
111011 10100
111011 10111
10000 110000
101000 110100
111 100101
110001 100101
101101 111100
111000 11110
11111 100011
101010 10100
1 111001
1110 100110
100101 111110
1101 10001
100111 11010
111011 11111
101000 101111
11011 1110
100 111110
100 110111
11101 101010
101111 100100
110001 10
1 111111
111001 111101
111011 0
111 11
101010 1110
1000 100101
10110 1100
110001 100111
11000 0
10001 1110
11010 10001
10 1110
110110 100100
100111 10001
10 101001
11000 10100
10010 111100
110010 10011
110010 110101
100111 0
1100 100001
101101 11
100001 1100
101110 100111
110111 101000
101110 11010
110010 1001
110110 101010
110001 101110
111011 110000
10010 1010
110000 11000
11010 10011
11110 10110
110000 1111
1010 110110
1010 10101
101011 10000
101011 110100
110011 0
11011 101101
11001 1010
11010 111100
110010 111001
11001 111
1001 1110
11 111
110 110100
11001 0
10100 100101
111111 111011
10001 101011
1111 1010
11110 10111
101111 101011
101110 111001
101010 10
10001 101001
10000 1001
111101 101110
11001 11010
110111 11011
101010 101111
111000 101011
110101 10011
11000 11011
100101 10001
1111 101110
100010 11001
11011 100111
110 1011
101001 111010
11010 110
101010 11010
110001 1
11001 100111
111010 1
1101 110111
100010 100011
10111 10011
110001 111011
110000 10001
10101 10011
111011 110011
11010 110011
1 101100
11000 10011
1001 110011
100101 111
111 1010
11 1
100111 110111
101100 101110
100000 101001
10100 101100
101111 100010
1 1111
110101 1001
1011 0
11000 111101
0 10111
101111 100
100110 100101
100101 101100
1000 110101
10111 10000
11101 101000
11010 111011
110100 10100
111001 1000
101011 11101
1111 1111
111110 101111
111110 101100
10010 1
1111 11000
1110 11111
100011 111111
100101 11111
11110 111010
1 100001
10101 0
100111 11111
1010 1011
110100 110101
1010 10001
110001 10101
1010 10
100100 1
111100 111101
0 10
10 10110
110100 10000
110101 110111
1001 110111
111101 110011
101111 110100
110 10011
101010 0
111100 110001
101100 1111
110 1000
100001 0
110110 11101
100111 111000
11001 101110
101010 111111
11 10011
111110 11000
100101 100101
100111 110001
100100 101100
101100 11001
101001 110000
101011 101001
1011 10101
1 10111
10110 11100
1 101011
111011 100101
110 1010
10110 111000
100 110
110011 10010
110011 11
10000 111001
100011 110000
110010 11010
1011 100100
101011 110110
101100 100001
10011 110100
10000 10111
10110 101101
11100 1101
11 11101
11010 1000
100 111101
10110 111001
1010 110000
11 10101
101101 100000
10011 111010
111100 101100
101011 101100
10 110100
1100 10111
110011 11011
100110 1101
110001 10100
1011 101011
111100 0
10100 10001
1000 101101
101011 1001
10111 1010
110010 10
110110 1001
111010 110100
111111 10011
111110 110011
11011 10111
110 101001
101 111
0 1010
10101 111110
100001 1000
111101 11
100110 110010
11 101010
100011 100101
111101 101111
111010 101111
10101 10110
1010 1100
100001 11011
111000 10011
111110 100000
11101 1110
1100 10110
100 100101
101101 101001
10 1010
100000 110010
111000 110000
111101 100110
1001 110001
111111 101
101001 110
111010 0
11101 1101
100001 111
101001 110010
10000 1111
110100 101011
110110 101000
101100 1010
10000 111111
1011 1010
101110 101100
110100 11010
101 10011
100111 10011
101110 110011
11000 110010
100011 100001
111111 1010
100001 10000
111001 111110
101001 110110
1000 100100
111001 110101
101001 111000
11 110101
100000 101111
10011 100101
11001 110111
101101 101011
110000 111010
11010 0
10001 100110
1000 1
101000 10011
111000 100000
101010 11011
10100 1000
10 110000
11110 1001
111101 11111
111 101
1100 1101
100 11100
0 10010
110100 111001
10110 1111
100111 100001
101011 110000
10 101010
1000 101010
100001 11000
11110 10100
110110 10101
1 100011
101010 11111
111000 101001
100100 111
1000 111
100100 11001
110000 110101
11101 110001
100101 10010
10 11101
11000 111010
11011 111000
110011 111011
11001 11101
1100 111110
111111 100100
0 101100
111101 1010
110010 10101
10011 101001
111110 101101
10100 111110
10110 110010
11011 111110
10000 1011
10001 11001
11001 10000
110111 1111
100 1011
101011 101010
1010 100001
1100 11
110 11011
100000 100100
11100 110001
110001 1111
111100 100001
100100 101011
110001 11
110010 101011
1011 110110
10001 100100
111101 111001
100100 100101
101111 1110
1 1110
11111 110011
10110 101011
1100 11100
1010 1001
100111 101000
110001 100110
1 0
1110 100111
11010 10110
100011 111100
101000 10010
11101 101101
110111 110100
101001 101011
100100 11
1001 111100
111111 111000
0 11000
1001 100
110001 1110
110101 100010
10101 111001
10100 10110
100011 11111
100001 101111
111000 1110
110001 101010
10001 111100
11011 11011
0 110111
10010 1111
111011 10
10001 0
11011 110100
101010 1100
100110 101110
100010 110001
100000 10000
111 10
111101 1101
1010 100
100 11
1010 110111
111011 10011
1011 1000
101110 111100
11011 1000
100011 1000
100 11111
1100 0
10000 11111
101010 100111
0 100110
10101 110110
1000 11
101011 10011
10 110010
100100 11000
111001 100101
111110 110000
1010 111000
110010 11000
100110 11100
101000 101110
101001 110111
10100 101011
110000 100011
110001 1100
10111 1111
10110 11
110001 111001
110101 111110
101110 10111
110110 110000
101110 1100
111010 100000
1001 110010
1010 11001
101001 10111
100010 110
100101 100000
1111 100001
10101 101
110010 100101
101110 110
101101 100111
111011 10010
11000 101101
111011 110110
101101 0
110000 101110
110110 10011
101111 1010
100101 1111
10000 10000
10 1100
10001 11110
110001 101
11 10001
11111 101111
110101 11011
11001 110101
111 101011
101110 1010
11101 1011
111110 11111
10000 110010
100011 10101
100100 100000
100010 10
10 1111
11110 0
100011 1110
10010 11100
100001 111100
10011 111000
111001 11011
11001 1000
11111 100000
10001 10001
111000 11
11001 111001
101100 111110
10110 110001
100000 11110
1111 111
11101 10100
1001 101001
10010 101111
10110 111011
111101 101101
11111 110001
10 10100
101000 11
1 101111
110001 10110
110101 101101
111010 110110
10 100100
110100 111
101011 1000
1001 100110
11101 10001
101010 101000
110111 111100
110 101000
100110 10000
11011 10101
110010 10000
101101 110100
111001 110011
1010 110011
101001 10110
1111 110010
1011 10010
1111 1100
10101 111
101 110
111100 101000
101011 10010
110011 10110
1000 110110
100000 10
0 1100
101010 100100
11000 111110
11010 1010
111 110110
100100 1001
10 101011
11101 100111
101111 10
100010 1010
10000 111000
11010 1100
110101 101110
11000 11111
110000 101011
10101 10
101010 10111
10011 111101
111111 101111
110001 110001
101101 101111
11100 101110
1101 110110
1000 101100
11011 11
10110 100
110100 10101
110010 10010
10100 111010
1110 11100
111010 111000
10 111000
1111 11101
110001 110100
11 111011
101000 1011
11111 11011
1 11010
110001 111101
111100 111011
101000 10110
11 101110
100010 100001
100100 101101
10110 110011
1 101
10011 100000
1010 11000
10110 1
111011 101000
1110 11101
110000 100110
10101 111101
101011 100010
10100 1010
110011 1001
1101 10110
11 110010
101101 110101
10010 101010
10100 10000
111110 100100
111001 11010
100110 101011
101010 100011
111001 111010
101 10
10100 101
100010 111100
11110 110001
11111 101010
111011 101011
101001 110001
100011 100011
110101 111101
0 110011
10011 110000
101100 10111
11111 10011
110110 100010
100110 1001
100001 101100
1 101010
100111 11011
110 111010
110101 110110
101111 111011
111010 100001
111110 101001
101100 100101
10110 100111
101010 111010
1110 111101
111011 11011
1111 11
110011 11000
100100 11100
110010 10100
1101 1101
1000 101011
100 111001
100000 101010
1011 10100
1001 111011
11001 10100
111000 1111
1 100111
111100 11001
110110 100111
10111 11111
10100 111111
111111 101010
110011 10100
0 111111
1000 110010
1010 111101
100101 10000
10010 10110
11110 101111
101000 1110
10111 111000
110100 101010
10100 111100
10011 101011
100001 1010
100 1001
111011 11
1110 1011
10010 11
101010 10001
100010 111111
110010 110011
10110 111110
110111 110
101111 10000
101011 1100
101001 10010
111001 11
111 110010
101101 11010
11011 11010
100000 111110
111110 110100
101110 1001
101010 1101
111100 110100
1101 111101
1111 111010
110111 11111
1011 10
110 10101
100111 10110
111 100110
1 11
1110 110101
10001 11100
10000 101101
101000 100110
100010 10100
110000 0
100110 101100
100000 111001
11100 10001
10010 111111
1100 111000
100010 101000
100111 10
10010 10001
100011 101001
110 110111
11011 110101
10100 11101
111101 110
10001 110110
1000 1100
101101 11111
111001 111001
1111 111110
111011 110010
110101 10101
11001 1111
100011 110001
11011 10100
100 111011
111101 1
11100 1100
111001 10101
11010 11111
1001 110101
111111 10111
1111 11011
101110 1101
101100 11011
111 100011
11100 1010
11101 11110
110100 11101
11010 11000
11 10
11100 10
11111 101100
101101 111000
0 100101
100 101000
100011 10100
10011 100100
110010 111101
1111 10110
10110 0
11110 110110
111000 11001
11000 100111
100001 101
111001 101011
111110 10001
111011 11101
10000 101
1100 111001
1100 1
10110 1000
111101 11010
1101 11010
111101 100100
10111 100110
1100 1010
10 110101
100001 11010
1 110110
110010 111010
10100 110011
11101 1010
100010 10011
10100 101010
10100 11010
101 11110
111100 10111
110 100011
111001 1001
10101 101110
1100 10101
11101 10
110110 111100
100011 101100
111111 111101
100110 111100
1110 1101
111100 11101
11011 11000
100 100
1000 111111
110010 101111
101001 111001
110110 110100
101110 100
10110 11000
1010 11011
11 10111
10 110011
110110 10001
10001 1
10101 100101
1101 110010
111001 0
10000 10011
11111 10111
11101 110
110001 11001
11011 100011
111110 11
101001 100000
111011 1101
100001 10
101100 100110
101111 101100
11 11100
111000 11011
11010 10101
10110 100110
10010 1101
100000 110001
101101 111
110000 1000
100111 1100
10011 10
100111 101
1110 111010
1011 110
101011 10111
101000 110101
11 101001
10111 10001
111101 110100
110000 110100
111001 100000
1110 111110
10 1000
11000 110110
11 1011
100101 100010
1101 100
11100 111
1100 100011
111000 111111
11000 111011
11111 11111
11011 10110
11000 111000
10110 10110
11100 11011
110011 100100
1101 10111
1000 10001
10100 1110
100001 100010
1001 11100
101101 10111
11100 101000
1001 11110
11011 110110
101011 111111
101001 11110
110000 10100
110101 1100
1010 110001
110100 11000
111111 10001
101101 110110
111111 110011
11011 110001
110111 1011
1100 1111
111010 101001
100100 101010
1001 0
1110 100000
110001 100011
110111 10001
111000 10010
10001 10011
0 1111
111010 100010
110111 10010
111001 110
10111 111
0 11010
11001 10010
101010 110100
110010 10111
111000 111100
101011 111101
100 10000
100001 101101
0 101001
11001 1
111011 1010
110000 1100
1 101000
1101 110011
100111 110000
11 10110
111101 100101
1001 1000
10011 1101
11100 11010
110100 111100
101001 101110
11111 100010
110101 101010
100000 110
101100 11101
11111 10010
110001 101101
1101 111100
111011 11001
11110 10000
110011 11100
10110 101010
10011 1000
101010 110001
111111 1111
1000 111011
11101 111100
100101 110100
11001 101011
11000 11010
111 101101
101100 100111
111 111001
1010 11
1000 110100
101000 1111
111010 1010
110101 1110
111011 1110
10010 101101
10001 110101
11001 110100
100010 110010
101000 100111
11010 10010
110011 101101
100010 0
1101 11101
101000 1000
110111 100111
100100 101111
1000 100110
100001 10001
10010 110
110100 110011
11010 100011
100 10110
1010 11101
1111 111100
100001 111011
111 100100
10101 110000
100010 1001
10011 100011
10000 110011
110011 1000
111001 101010
101 11101
100110 110
1100 100010
101011 10
10010 1000
111111 1101
110011 1011
110 100001
110000 110010
11001 10110
101101 11100
100101 1110
100001 101010
11001 11111
110110 10100
0 1
110101 10001
101010 110010
10001 10010
111 101110
111100 1100
110010 111111
10001 111011
11001 111100
100010 110011
1110 110111
110111 10000
101011 11001
101 111011
11110 1010
101101 1100
11011 1001
110110 110001
100110 111111
100010 111001
111011 110101
101000 10000
111 10100
10011 110
1101 111111
0 11111
11101 100100
100111 100110
11100 101111
101100 101111
0 111
10010 110111
1101 10
11110 111011
101 100010
111010 10000
101000 11010
11101 100110
10110 101111
111110 11101
100001 11111
10101 110010
11101 1
1111 110111
1011 1011
11011 101000
11010 111111
110100 111010
111110 110110
11100 100011
101100 111101
1001 110110
101100 10
111100 1101
100011 101110
111 1011
10001 101110
110 111100
1011 110111
101 110100
110011 110111
110001 110111
10111 110010
1101 11
11100 1111
10100 100001
101110 100110
110010 10110
0 100010
11010 1001
11000 101
11 101100
100001 110111
110000 110110
10111 101000
101000 11111
11100 11101
1111 111000
111100 10000
10110 101100
101000 110001
10011 100
11011 1
100101 110101
1001 110
110100 100101
11010 101011
100011 1111
10011 1010
11010 111001
1000 11100
100 101011
101100 111100
100 111111
110110 110111
1 10100
100110 11110
1000 11101
10 111101
101010 11100
11010 110111
111000 10000
111000 1001
110001 11110
111101 10011
1111 1001
1111 100010
100000 100010
10100 1101
1110 10000
1000 0
111111 11001
11000 110
1010 0
10011 101100
100101 1011
100010 1000
110 100100
111010 11001
100101 111101
111111 110
10100 111011
101000 101100
100011 11001
110011 10101
10010 101110
11110 10010
110111 1100
10111 1011
1101 10100
1 110010
111101 101010
10000 100001
101101 10001
10110 10
111111 110000
111 1100
11101 11
1011 111101
1001 101
1110 111001
100110 101101
1 100100
101100 1000
10111 100111
110111 110000
0 11101
101111 110111
111 111000
101110 110110
111010 1011
101010 1011
1101 110
111001 10110
111000 1100
1001 1010
111011 101101
110010 1110
10111 11010
1110 110000
0 101000
1011 11000
10110 10000
10110 110
1 111000
101100 10001
111110 111011
110011 1101
100 100000
10110 100011
101 1
10000 1010
101110 1111
10100 110001
11111 110010
1 111011
11010 101100
101011 111011
11011 100101
11100 100101
1 111101
101110 111111
1001 111111
110001 100001
111001 100011
110 10110
111110 100101
11010 100110
110110 100
101 11000
11011 0
100100 1110
11011 10000
1001 10100
111 10000
10011 100010
100000 11101
11010 111000
100001 100001
110100 11
110101 10
110111 111101
101000 1001
110001 101011
111111 11110
1110 101100
110110 1111
100100 100110
111101 100111
101010 101010
100001 10010
111100 11011
10000 10110
11111 111
10 100011
10 110110
100 110100
101000 11100
111000 10
10110 110100
11101 1001
111001 1011
110000 11011
10111 110001
11100 11100
11001 101
110010 11
10 11100
1100 110
110010 10001
110110 110101
111 110001
111000 100011
101111 101110
10010 110011
111110 101
11000 110011
1000 1000
110010 11101
10010 111101
100111 110011
101101 101010
101011 101011
110111 10100
101001 101000
10101 100111
101000 11101
100111 10100
111011 101111
101100 110110
111010 101010
11 110110
111 110
11111 11000
110001 110000
110001 101100
110010 1000
11000 100010
1100 11110
10110 1011
111110 1001
100011 1001
101100 110011
110 101111
10100 101110
101000 10100
1000 11111
100111 100000
100110 10010
10 100
1 10010
110100 10
110001 110011
11110 1000
111011 111100
11 0
11101 10111
11000 101111
11101 110101
100111 1001
10 10000
11010 10100
10110 100100
111111 11100
1001 101100
111010 10101
111010 101000
101 1110
101101 111001
111111 11011
11111 11110
1001 1
110100 110000
11110 110011
10 10011
11 100011
10101 11000
101110 101011
10010 10111
1111 10010
1000 1001
110110 10010
1010 11110
111110 111111
11000 100011
110011 110101
11000 100101
11010 111
110001 11100
10011 11000
10000 110001
111110 101110
100 1100
111100 101111
10000 10010
100100 11111
100000 11100
111010 100101
1011 101001
101111 11010
111001 110000
101010 11
1 10011
110111 10111
1110 111100
100101 100001
111000 11000
111010 111111
110010 101000
11110 110111
11010 101111
100110 10011
100010 10001
10010 100010
1101 1100
110000 10010
11011 10010
110101 101011
100 111000
100110 11010
111111 111110
100001 1001
111110 111110
110010 110100
111001 11001
101 110011
111100 100011
10 1001
100000 1001
100001 111010
11000 11101
100000 10100
10111 110000
11101 11111
101001 111111
1001 100001
111100 100
1010 10010
10101 1010
110110 110011
110000 100100
0 111110
10011 1110
111000 100101
111001 11100
1110 11001
110101 11001
111011 101110
100001 11
110110 111111
111000 111000
100 1111
111011 100100
110011 101001
101101 1101
111100 1001
10010 110101
100101 10011
11000 10000
1001 111110
110010 1011
100110 100100
10000 11100
110110 1
100001 100110
10 10001
10100 100110
110100 10111
10100 10111
101111 110011
101101 1010
10101 110001
0 100111
111100 100110
100111 1
100010 101111
1100 111011
101010 111000
101000 101001
11111 111010
11111 111001
110101 10110
10100 101000
110110 101110
11111 101101
100001 10110
11011 101
101011 100000
101000 110110
11001 111110
100100 101
1001 11111
11111 1110
111101 111110
110 101101
1001 101011
110100 111011
100010 111110
10111 1001
11000 1100
11101 10101
1100 101010
110 101100
111100 101001
100111 111001
1101 110100
110011 10
111000 11100
101001 1
1101 10000
111000 110100
11001 11110
11111 110100
111001 1010
1100 111010
101011 10100
110000 1001
11100 111001
100001 101001
1 110001
101100 111011
110100 100110
111001 111011
111000 101100
111011 100111
1100 10010
11011 100110
111000 110101
110001 101111
100101 11101
10000 101100
1110 101
10111 100100
101 10110
11011 100
1101 111001
111100 1
101101 101110
100101 11011
110010 11100
11111 10001
11100 101101
10010 100011
100001 1101
100011 100111
11001 1101
110 10001
0 100000
111111 110001
111011 110001
1110 1001
101111 111111
1100 101011
101 11010
110011 101100
100 1101
101 100100
101000 111000
110011 100101
111000 1011
100100 1000
101000 111
1010 101010
1001 111101
101011 111110
101111 1
10101 11100
10011 10100
10 11010
11011 10011
11111 110110
101100 110001
111100 1111
111100 111
111100 11010
10101 111111
111001 100100
111101 111101
110101 110100
10101 100100
11110 10101
11110 110010
100011 111001
110 10111
110 111101
11010 100010
10011 1001
10101 1
110101 11110
11001 110011
10011 10111
100 100010
101110 101000
100001 11110
110110 110110
1011 11111
10011 101101
11 101
1111 10101
101110 110000
11110 100110
111 10110
10010 110001
1000 10011
111111 10100
11001 10001
10111 110
10010 100001
111111 101110
111101 101000
1010 11111
10001 10000
10 101000
10 10010
111100 10
110001 111000
10101 101001
101 111111
101101 111110
10111 100000
110010 100010
10101 100110
10101 10101
10001 10111
1001 101010
1000 110111
0 100100
111110 1111
111100 111110
11000 10
1101 10011
1011 11010
100010 11011
110111 110001
10111 110101
11011 110111
101000 111110
11101 10110
101001 1110
101101 100101
111001 101101
101001 111100
100110 111000
101100 111000
101111 111100
110110 1010
10 101100
111101 10101
111010 11
10111 11110
10100 1001
100011 101111
10000 100111
101011 100101
1101 1010
10 100110
10 101101
1 1100
110110 11110
10001 110100
1001 111000
110111 110011
111 10111
10110 1101
101001 10001
111010 11010
110100 10011
100001 10101
101001 110101
1000 100010
10000 11010
110111 1000
111 11010
110010 101101
110011 1100
11100 111111
10001 100101
1 11001
101 1101
101000 1010
11001 11000
111010 100011
11110 11100
110 11010
1011 101010
101100 100
10001 111010
10011 10110
110111 111010
1100 101101
101001 100011
100110 111011
111 100111
1100 1100
110 10000
100111 1011
100001 110100
101011 1111
111011 111
0 1001
110000 10011
101101 111010
0 111010
1101 101010
0 1101
111111 100001
11010 101110
101011 11011
11001 101101
0 111100
1000 10110
101110 11011
110101 100110
101 10101
101000 100001
100011 110
1100 10
11010 100100
110011 111111
111110 10110
110100 101001
110011 110001
11 1100
11101 111000
111011 1111
10011 111110
10100 110111
11111 101001
10 11111
111000 100100
0 0
110000 10110
100110 101001
100011 111011
11111 1011
111000 101000
100001 110000
11100 100100
1010 101
101100 111001
10000 100101
100 101
11100 100000
1010 100110
10 111111
101101 11000
101010 11000
110001 11010
11010 110001
111110 100010
101100 111010
110111 110010
11001 101111
10 1
111010 11100
110111 111110
100100 10111
101011 111
111000 1
111110 110101
11000 1110
11100 101011
101000 110010
1110 10001
1111 10100
1010 1111
10101 11001
101100 101101
1100 10011
100110 11
0 110
101 1010
101001 101001
110101 11
11010 100001
101111 111001
11000 110101
111111 11000
101101 110011
1000 11110
100111 101111
110110 101001
101000 100011
111001 101
100101 110001
10110 111111
101011 110
10010 11011
100111 11
10110 100010
11110 110101
110000 110001
1111 10111
1000 101000
10001 111110
111011 111111
10 111011
101111 10011
10101 11111
101 11
101111 11101
11101 10011
0 110010
101100 1101
100011 111000
1001 110100
10000 11
101010 101
111101 11100
11000 110111
10110 110110
101001 100010
10011 111011
111010 101110
100000 100011
110111 111111
100100 11011
111001 100110
11010 1110
101011 100110
11110 1011
0 110110
1011 1100
101010 100110
11100 10011
111010 111110
100110 1100
111 100000
111111 100010
100001 111000
10101 111010
1010 10111
110110 110
1010 1000
101011 10001
110010 11110
11 101101
110001 111
1101 1
101011 11
111100 100111
1010 110101
100100 11101
111110 111101
111111 11010
110101 101001
11110 110
111100 110111
111001 111000
10110 111100
111101 110000
1100 110000
111100 10011
111101 100010
110 11101
100110 1011
10 100001
11101 111001
100000 1110
111100 11
1011 100010
11011 111010
10110 11010
10011 10001
101001 11001
100 100110
1110 1000
100 11110
10000 101000
110101 11111
110 11111
100111 101101
11011 1111
100010 110101
1 11101
101011 11110
111011 111101
11 111010
110011 1111
101110 100010
1101 11110
11110 101010
111 111011
101101 111101
1011 110101
1100 11101
1 11000
100110 110000
10 10101
111 11011
110101 10111
10111 101100
101 110110
111101 11101
111 101010
100100 110111
110101 1000
100110 110011
1100 100
101000 101000
111 111101
1 101101
100 101111
101011 100011
100110 100010
100010 1100
111011 111011
111010 1111
101000 100101
100100 101110
110100 10010
10 111001
1110 0
101100 101001
110110 101111
1001 10111
110010 111
111111 1110
11 111110
110100 1101
11011 10001
111110 1011
1010 111010
110010 110110
10111 110011
1110 111
101101 1001
111 11111
10001 10110
101110 110100
1 10
1111 100011
1100 1011
110110 101
10101 11101
101000 10101
100101 100100
11111 1000
111 11000
111111 111001
10100 110000
101 10001
10110 110111
110010 110001
111010 101011
101100 110100
101001 10
101010 10000
11111 100001
11100 110101
10001 100111
100101 110
11010 110101
111100 110010
110100 110100
100101 101111
101011 11111
111001 10010
1101 110001
110110 10111
1111 100
110011 111100
100001 11001
10001 101000
100001 100100
111111 11101
110101 100111
11001 10
101011 101111
100010 100110
110101 101
111011 100
101100 110000
111001 11110
101 1000
110101 111010
10 11110
111011 110
1001 100100
111000 111
1000 10101
110000 11111
101011 11100
101 101111
100 11010
11110 11111
10000 101001
101010 1
100111 1101
10 111
1011 111100
110100 100100
1100 111
1011 110001
10010 100101
1111 11111
100100 110101
10100 10010
11000 101000
110011 100
100110 1010
101 110111
11100 11110
10010 11010
100101 100110
100011 1
100110 100110
111111 100011
111101 101011
1101 0
100010 100101
111011 1
110100 1000
10101 10010
100011 10
111 111111
101101 1110
10010 101000
100011 10001
10011 10010
110 111110
11111 10100
111011 101100
100000 100000
111000 0
10100 11110
101 1001
101 110101
11100 101010
100010 110000
110011 11001
1001 111
111101 111011
110011 11010
1111 10001
1110 1100
100100 10100
111010 101100
1100 1110
100 1
110111 101101
101101 10
10100 110100
101110 101111
1111 100111
10101 10100
110111 100001
110100 111111
11111 100101
100111 1010
0 100
101000 1
101010 110000
110010 1111
110100 110010
101101 11101
11001 100001
110101 110001
101110 11
101 111110
0 111001
111010 100111
100011 111
111010 110010
110011 100001
11 111111
10000 101010
100001 10111
110111 11000
11100 10101
11110 100001
100011 10111
111101 110111
1101 101
111010 11011
101000 111111
100111 110
10100 1111
11011 110010
10110 101001
110 11100
100011 110100
11110 1101
10101 1000
101011 110001
110110 11011
111001 100001
100 101110
101110 101101
110 10100
10011 110110
1001 11001
111001 101111
100110 100001
110011 110110
101101 1000
111110 111001
100010 101
111010 1110
111111 1011
10000 10
110011 1010
100111 100100
110 100
110000 10111
1000 111100
10010 10
1000 111010
100000 10011
1101 111110
111010 111
111001 100
100101 10101
10110 111010
11110 100000
111101 111100
10011 11010
110101 111
110010 1010
111010 110001
11001 111010
11111 110
100000 101110
111101 110010
10000 100100
10 100101
11010 111010
111000 111110
110000 100000
110001 10011
